 eigenvectors in column
           5          37         100
    1       0.9883268570       0.0699991220       0.0946545863       0.0469144966       0.0574776322
    2      -0.1080632598       0.9141687723       0.3513949929      -0.0099757895       0.0752205685
    3       0.0121015750      -0.0702843361      -0.0166808981      -0.8516534947       0.4584927435
    4       0.0130584536       0.0120332707       0.0058161983       0.0001709475       0.0188045753
    5      -0.0028708670       0.0255486547       0.0099519098      -0.0126272312       0.0110510697
    6       0.0005090397      -0.0028351819      -0.0006130040      -0.0391186565       0.0215684149
    7       0.0003892335       0.0006989093       0.0003203079      -0.0005891913       0.0015643556
    8      -0.0001126345       0.0010591005       0.0004182842      -0.0010610251       0.0008696047
    9       0.0000250452      -0.0001330626      -0.0000254661      -0.0021219165       0.0012009237
   10       0.0000162536       0.0000349038       0.0000154650      -0.0000590611       0.0001160279
   11       0.0723872598       0.3655456622      -0.8829046984      -0.0241892972       0.0493321654
   12       0.0715822345       0.0530723869       0.1593993610      -0.4620836079      -0.6814811075
   13      -0.0060458146       0.1027171954       0.0256308473      -0.0644715915       0.1473057995
   14       0.0018097874       0.0046537428      -0.0098768518      -0.1261360748       0.0583441532
   15       0.0020109114       0.0027277079       0.0049529956      -0.0258017683      -0.0084264716
   16      -0.0002483195       0.0047030679       0.0012644816      -0.0059100445       0.0086985622
   17       0.0000793568       0.0001921518      -0.0002065814      -0.0084795366       0.0041692263
   18       0.0000837913       0.0001657043       0.0002281134      -0.0017685055       0.0002167075
   19      -0.0000117780       0.0002528786       0.0000728024      -0.0004869854       0.0005871900
   20       0.0000041954       0.0000077393      -0.0000059723      -0.0005479199       0.0002866594
   21       0.0061870882       0.0572922566      -0.2263333113      -0.1366339039      -0.4604831535
   22       0.0013054071       0.0426529762      -0.0680787048      -0.0760071576      -0.1413640518
   23       0.0066302835       0.0029122347       0.0115877656      -0.0797353232      -0.0883907694
   24      -0.0000908827       0.0121935027       0.0001548452      -0.0125770763       0.0056627670
   25       0.0000949499       0.0021026748      -0.0013540888      -0.0186692318       0.0039615332
   26       0.0003007297       0.0003354805       0.0006155881      -0.0069102653      -0.0017530521
   27      -0.0000049883       0.0007775854       0.0001368823      -0.0014665684       0.0010608550
   28       0.0000063048       0.0001371462      -0.0000270335      -0.0016076717       0.0006206063
   29       0.0000160321       0.0000292008       0.0000380713      -0.0005749851       0.0000523733
   30      -0.0000005487       0.0000494393       0.0000114764      -0.0001234065       0.0001007814
   31       0.0258526541       0.0102168384      -0.0433001161      -0.0340177118      -0.1760445038
   32      -0.0029331184       0.0271279453      -0.0067084713      -0.0287037442      -0.0850778809
   33      -0.0000671944       0.0020843374      -0.0090339481      -0.0309389109      -0.0078024457
   34       0.0009446228       0.0001768152      -0.0000226403      -0.0105394895      -0.0155224399
   35      -0.0000501237       0.0019040892       0.0001643202      -0.0022969058      -0.0023095902
   36       0.0000026752       0.0003043163      -0.0003079323      -0.0033249616       0.0005087088
   37       0.0000491832       0.0000455728       0.0000356885      -0.0012623985      -0.0005509517
   38      -0.0000001967       0.0001337020       0.0000264368      -0.0003075357       0.0000011185
   39       0.0000004366       0.0000292239      -0.0000100294      -0.0003051121       0.0000957881
   40       0.0000029421       0.0000043463       0.0000039741      -0.0001113441      -0.0000106365
   41       0.0045572793       0.0199999413      -0.0534284216      -0.0087186952      -0.0468341367
   42       0.0035787389       0.0037311944       0.0059279556      -0.0283714799      -0.0585771295
   43      -0.0003595049       0.0052094748       0.0000425058      -0.0068579715      -0.0027359561
   44       0.0000093087       0.0005677529      -0.0016724500      -0.0070744355      -0.0002532997
   45       0.0001490301       0.0000538078       0.0001186466      -0.0024935884      -0.0030593183
   46      -0.0000079026       0.0003332455       0.0000328253      -0.0005256826      -0.0003187341
   47      -0.0000004884       0.0000604238      -0.0000691644      -0.0006519909       0.0000695134
   48       0.0000083662       0.0000071239       0.0000058144      -0.0002648939      -0.0001410084
   49       0.0000001043       0.0000238647       0.0000041269      -0.0000643020      -0.0000127796
   50      -0.0000000177       0.0000051033      -0.0000031704      -0.0000568600       0.0000128324
   51       0.0006012351       0.0054581843      -0.0212179399      -0.0126028257      -0.0491018150
   52       0.0002577604       0.0035614795      -0.0056312248      -0.0076706888      -0.0177041692
   53       0.0005276362       0.0004164265       0.0009060233      -0.0068280267      -0.0092037599
   54      -0.0000100419       0.0009561571      -0.0000836579      -0.0014791509      -0.0007270035
   55      -0.0000035085       0.0001964556      -0.0002309693      -0.0015311681      -0.0001104173
   56       0.0000266653       0.0000118520       0.0000252858      -0.0006640263      -0.0004877507
   57       0.0000003368       0.0000650190       0.0000055242      -0.0001388350      -0.0000593051
   58      -0.0000004162       0.0000164435      -0.0000112145      -0.0001404479       0.0000128011
   59       0.0000015794       0.0000013209       0.0000008910      -0.0000651112      -0.0000247384
   60       0.0000000431       0.0000046905       0.0000007087      -0.0000124630      -0.0000030228
   61       0.0014862407       0.0012197901      -0.0058574294      -0.0046395509      -0.0240766650
   62      -0.0001718304       0.0018778170      -0.0015972048      -0.0035600849      -0.0111431145
   63      -0.0000000049       0.0003510213      -0.0009752128      -0.0025430185      -0.0022339964
   64       0.0000897109       0.0000413054       0.0000026052      -0.0012410958      -0.0019715736
   65      -0.0000009910       0.0001795882       0.0000036318      -0.0003165994      -0.0003846785
   66      -0.0000013539       0.0000418339      -0.0000436271      -0.0003273980      -0.0000126889
   67       0.0000050659       0.0000030079       0.0000008185      -0.0001519599      -0.0001006792
   68       0.0000002657       0.0000131012       0.0000020707      -0.0000361730      -0.0000209110
   69      -0.0000001173       0.0000040427      -0.0000021536      -0.0000308858       0.0000036216
   70       0.0000003246       0.0000001986       0.0000000967      -0.0000141010      -0.0000053421
   71       0.0003957976       0.0015855915      -0.0046968141      -0.0013736243      -0.0082609266
   72       0.0002547254       0.0003623375       0.0001818000      -0.0025669540      -0.0066123514
   73      -0.0000322460       0.0003991799      -0.0001404772      -0.0008116515      -0.0011194827
   74      -0.0000020647       0.0000665296      -0.0002099278      -0.0006181513      -0.0003586389
   75       0.0000149321       0.0000043919       0.0000011580      -0.0002790961      -0.0004403834
   76      -0.0000000586       0.0000328201       0.0000008817      -0.0000683660      -0.0000873704
   77      -0.0000003605       0.0000088131      -0.0000098260      -0.0000680148      -0.0000079269
   78       0.0000009225       0.0000006155      -0.0000001605      -0.0000339523      -0.0000239326
   79       0.0000000849       0.0000025170       0.0000004017      -0.0000085683      -0.0000059233
   80      -0.0000000308       0.0000008007      -0.0000005236      -0.0000063038       0.0000005067
   81       0.0000672603       0.0005787187      -0.0022422751      -0.0013344224      -0.0058654489
   82       0.0000367182       0.0003405829      -0.0005413077      -0.0008622527      -0.0023292815
   83       0.0000473197       0.0000528223       0.0000739549      -0.0006804287      -0.0010976619
   84      -0.0000020098       0.0000873739      -0.0000244772      -0.0001788641      -0.0001912209
   85      -0.0000010067       0.0000197418      -0.0000333321      -0.0001495956      -0.0000633720
   86       0.0000027798       0.0000003554       0.0000004898      -0.0000713874      -0.0000798006
   87       0.0000000987       0.0000065342       0.0000000866      -0.0000159774      -0.0000186861
   88      -0.0000001102       0.0000020632      -0.0000018579      -0.0000147350      -0.0000021150
   89       0.0000001762       0.0000000760      -0.0000000955      -0.0000079104      -0.0000048957
   90       0.0000000147       0.0000005074       0.0000000721      -0.0000014990      -0.0000013207
   91       0.0000992435       0.0001026755      -0.0005940231      -0.0005275706      -0.0027077667
   92      -0.0000202839       0.0001571276      -0.0002123793      -0.0003320942      -0.0010855106
   93       0.0000024033       0.0000304860      -0.0000923469      -0.0002203520      -0.0002510924
   94       0.0000096408       0.0000030087       0.0000119278      -0.0001166610      -0.0002103881
   95      -0.0000005896       0.0000179729       0.0000004771      -0.0000265044      -0.0000314599
   96      -0.0000004020       0.0000036815      -0.0000061048      -0.0000299123       0.0000002140
   97       0.0000005747      -0.0000004904       0.0000002206      -0.0000144493      -0.0000141084
   98       0.0000000180       0.0000012552       0.0000003014      -0.0000022393      -0.0000032394
   99      -0.0000000416       0.0000004233      -0.0000003642      -0.0000025799       0.0000004148
  100       0.0000000387      -0.0000000647      -0.0000000030      -0.0000014409      -0.0000009335

    1       0.0135727180       0.0410465904       0.0126270264       0.0058104428       0.0014506904
    2       0.0767868160       0.0778853181      -0.0491564028      -0.0145368875       0.0601048027
    3       0.0882263070       0.1324060935      -0.0221629183      -0.0910211005       0.0870433127
    4      -0.7805971181       0.0062169354      -0.5098292831      -0.2058720558       0.2120854161
    5      -0.0827125024       0.0050421826      -0.0807069501       0.6861401643       0.0363680313
    6      -0.0184769840       0.0062872328      -0.0218381694       0.1645293795       0.0132988713
    7      -0.0532586655       0.0005013226      -0.0363315223       0.0311122249       0.0153550335
    8      -0.0081841217       0.0003413560      -0.0077653707       0.0665861887       0.0034638618
    9      -0.0022837037       0.0003542229      -0.0024064699       0.0199543111       0.0012706385
   10      -0.0034827235       0.0000373386      -0.0024375911       0.0039876802       0.0010411413
   11       0.0332684726      -0.2304864097      -0.0734125933      -0.0085116803      -0.0389622107
   12       0.0154739889      -0.4283980967      -0.1214947124      -0.0589860270      -0.1222281228
   13      -0.5030058238       0.0597876868       0.5182919886      -0.0912034890      -0.5120623307
   14      -0.0948205365       0.0106128144      -0.1161948013       0.5016823605       0.0446327378
   15      -0.1454961096      -0.0088605942      -0.0932662775       0.1330834719       0.0287694177
   16      -0.0551833842       0.0032521265      -0.0034056685       0.1612766519      -0.0121201470
   17      -0.0138079292       0.0009415294      -0.0139254532       0.0895757305       0.0055344449
   18      -0.0137510117      -0.0001980040      -0.0092528661       0.0276898054       0.0032666398
   19      -0.0050178865       0.0002081375      -0.0019487497       0.0208490878       0.0000940155
   20      -0.0012352920       0.0000725517      -0.0012092224       0.0090798024       0.0004853203
   21      -0.0062905800       0.7033185459      -0.0524811531      -0.0197085670      -0.2138442873
   22      -0.2004291170      -0.2707622582       0.5184961362      -0.0176940171       0.4334716876
   23      -0.0949930212      -0.0461499898       0.1028233549       0.2355802861      -0.2738964850
   24      -0.1162085318       0.0105855593       0.0902536483       0.1139502111      -0.0957691422
   25      -0.0318952979      -0.0056971622       0.0049460445       0.1497494325       0.0056169455
   26      -0.0276521915      -0.0015423458      -0.0090550856       0.0602087506      -0.0084874928
   27      -0.0148522723       0.0004887608       0.0002778534       0.0406825499      -0.0041423306
   28      -0.0044250332      -0.0001195579      -0.0017782740       0.0260576613       0.0005438699
   29      -0.0031004518      -0.0000442999      -0.0015928273       0.0099808099      -0.0000859864
   30      -0.0013528055       0.0000351758      -0.0003263511       0.0050978517      -0.0001334061
   31      -0.0516304604       0.3703282949       0.1997575602       0.0002103775       0.4136856692
   32      -0.0548251260       0.0167951841       0.1954765901       0.0813474269       0.1657963796
   33      -0.0526011357      -0.0249738515       0.1260456874       0.0730809487       0.0130310203
   34      -0.0397281604      -0.0030535731       0.0161274033       0.0794302604      -0.0318374262
   35      -0.0221893536      -0.0002699791       0.0203146587       0.0545324656      -0.0131840232
   36      -0.0075908284      -0.0010016035       0.0063027175       0.0373302402      -0.0026624197
   37      -0.0059023274      -0.0002904413      -0.0006132168       0.0170597101      -0.0022136413
   38      -0.0031391406      -0.0000208792       0.0005929395       0.0104887042      -0.0010906962
   39      -0.0010713328      -0.0000397343       0.0000769487       0.0062672340      -0.0002209959
   40      -0.0006231282      -0.0000153936      -0.0001989950       0.0022574639      -0.0001133348
   41      -0.0178105753       0.1159287525       0.1043372019       0.0194763432       0.3017660409
   42      -0.0190171004       0.0020056608       0.0807396665       0.0316313473       0.1164954902
   43      -0.0366569237       0.0073991189       0.0663052684       0.0322983960      -0.0078540580
   44      -0.0138948205      -0.0005825941       0.0167668981       0.0467429241       0.0094255101
   45      -0.0103580543      -0.0010333098       0.0029321289       0.0248626048      -0.0006324790
   46      -0.0056533653       0.0001070349       0.0045971236       0.0162520681      -0.0029678049
   47      -0.0018954347      -0.0001018345       0.0013609969       0.0105280390      -0.0003178528
   48      -0.0013152046      -0.0000836961       0.0000370251       0.0046564976      -0.0003043422
   49      -0.0007112538      -0.0000034611       0.0002159724       0.0026213229      -0.0002871473
   50      -0.0002102128      -0.0000069992       0.0000634978       0.0013708245      -0.0000524126
   51      -0.0060139224       0.0931128909       0.0347246718       0.0085597415       0.1169886811
   52      -0.0208408087      -0.0137122953       0.0692217951       0.0119039664       0.0914381209
   53      -0.0113404031      -0.0006151032       0.0228539821       0.0291212994      -0.0058884305
   54      -0.0107562563       0.0022573079       0.0133317421       0.0173354076      -0.0022847940
   55      -0.0038568824      -0.0004152139       0.0041010097       0.0159231107       0.0030420754
   56      -0.0026061243      -0.0001442693       0.0007483262       0.0079416959      -0.0004286506
   57      -0.0015228623       0.0000628670       0.0008632493       0.0046818559      -0.0004893578
   58      -0.0005177452      -0.0000246351       0.0003019817       0.0029773299       0.0000182285
   59      -0.0003123610      -0.0000139205       0.0000221554       0.0013194178      -0.0000612117
   60      -0.0001591809       0.0000016185       0.0000484749       0.0006050480      -0.0000518504
   61      -0.0073120488       0.0532766497       0.0341848624       0.0035439435       0.0930817622
   62      -0.0079089644       0.0034968034       0.0309604027       0.0131353193       0.0393845649
   63      -0.0068533601      -0.0023721282       0.0180986436       0.0118725816       0.0078148639
   64      -0.0039863058       0.0001629769       0.0046234351       0.0111865172      -0.0011711035
   65      -0.0025801725       0.0001772019       0.0032635109       0.0066449417      -0.0003433967
   66      -0.0010141730      -0.0000839090       0.0012403545       0.0046224108       0.0002309461
   67      -0.0006473220      -0.0000205762       0.0002031378       0.0023554838      -0.0001096178
   68      -0.0003772915       0.0000058910       0.0001989195       0.0013135043      -0.0000952825
   69      -0.0001381918      -0.0000043408       0.0000841105       0.0007941087      -0.0000094253
   70      -0.0000696434      -0.0000022556       0.0000049946       0.0003108698      -0.0000115597
   71      -0.0032868882       0.0213215781       0.0194407749       0.0039466384       0.0596538766
   72      -0.0032712621       0.0026686072       0.0147435731       0.0061976860       0.0236954380
   73      -0.0038193068       0.0009122919       0.0091080595       0.0060094626       0.0030173978
   74      -0.0018129867      -0.0000622289       0.0034092810       0.0056969413       0.0020460055
   75      -0.0010918276      -0.0000674176       0.0010733385       0.0034922742       0.0001815591
   76      -0.0006597913       0.0000299278       0.0008004545       0.0020469435      -0.0002102753
   77      -0.0002561402      -0.0000099847       0.0003087541       0.0013266264       0.0000266433
   78      -0.0001543349      -0.0000084216       0.0000666597       0.0006538958      -0.0000181543
   79      -0.0000907097       0.0000006421       0.0000518462       0.0003456620      -0.0000294968
   80      -0.0000291164      -0.0000007572       0.0000215263       0.0001824691      -0.0000031159
   81      -0.0011903287       0.0127141800       0.0077913107       0.0020443010       0.0273207425
   82      -0.0024550955      -0.0002763933       0.0095224746       0.0026369855       0.0152725622
   83      -0.0014298653       0.0002805744       0.0037135641       0.0038635928       0.0014532970
   84      -0.0011618821       0.0003343932       0.0019386907       0.0024678942       0.0005160437
   85      -0.0004827111      -0.0000355826       0.0007687436       0.0019221352       0.0005945083
   86      -0.0002887586      -0.0000122425       0.0002354873       0.0010515745       0.0000146678
   87      -0.0001741627       0.0000103121       0.0001680163       0.0005912434      -0.0000407221
   88      -0.0000652843      -0.0000028169       0.0000721103       0.0003681856       0.0000108383
   89      -0.0000363270      -0.0000018444       0.0000173230       0.0001757751      -0.0000051498
   90      -0.0000197719       0.0000003268       0.0000118142       0.0000772942      -0.0000065468
   91      -0.0007889261       0.0061312605       0.0040466470       0.0005772606       0.0125064326
   92      -0.0008724215       0.0003076983       0.0035891096       0.0015327818       0.0053145102
   93      -0.0006771235      -0.0002431948       0.0019304060       0.0013434275       0.0012402330
   94      -0.0003622733       0.0000803872       0.0005300590       0.0011646075       0.0000249792
   95      -0.0002459063       0.0000423893       0.0003732838       0.0006515404       0.0000679377
   96      -0.0000941124      -0.0000091740       0.0001426909       0.0004533019       0.0000859800
   97      -0.0000580616      -0.0000013621       0.0000253957       0.0002322254      -0.0000001247
   98      -0.0000359834       0.0000019190       0.0000282334       0.0001237442      -0.0000084599
   99      -0.0000120818      -0.0000004733       0.0000134278       0.0000769528       0.0000020059
  100      -0.0000059005      -0.0000003208       0.0000011966       0.0000295960      -0.0000006397

    1       0.0038640767       0.0342754493       0.0010379491       0.0005848776       0.0005649273
    2       0.0290713068       0.0336733053       0.0142440115       0.0126319070      -0.0013984368
    3      -0.0305164014       0.0514626352      -0.0060725275      -0.0597616717      -0.0445973594
    4       0.0594593060       0.0561714068      -0.0808982883      -0.0670522881       0.0151424532
    5      -0.5144658955       0.0117856851      -0.3247047191      -0.2671103096      -0.1620008200
    6      -0.1551543823       0.0052865406       0.5618192119      -0.0869360680       0.4771770046
    7      -0.0405754170       0.0042064885       0.2303100212      -0.0294024271       0.2236228823
    8      -0.0532961336       0.0011076268       0.0468714744      -0.0284125517       0.0620854127
    9      -0.0188367226       0.0004630970       0.0768999501      -0.0105201083       0.0702793399
   10      -0.0047485280       0.0002923458       0.0307131463      -0.0031075922       0.0300808402
   11       0.0040112890      -0.0883191363       0.0052722513      -0.0302010682      -0.0094336051
   12      -0.0897750815      -0.1836117487      -0.0077725436       0.0047679911      -0.0199586963
   13      -0.1849637405      -0.1939326657      -0.0729003178      -0.0003136884       0.0779780114
   14       0.3801504006       0.0083433012      -0.1897813533       0.5193441292       0.2314323612
   15      -0.0840698678       0.0020799528       0.4607607923      -0.0051638057      -0.2579661319
   16      -0.1254542689      -0.0057169739       0.1678028874      -0.0492940941       0.0533146490
   17      -0.0252747893       0.0013620636       0.1704740890       0.0086117844       0.1489536552
   18      -0.0221293336       0.0006215443       0.1218637396      -0.0082961855       0.0518073792
   19      -0.0166851908      -0.0000927219       0.0459504397      -0.0073706098       0.0320137077
   20      -0.0047751073       0.0001286162       0.0257916763      -0.0011276143       0.0225246789
   21      -0.0549446618       0.3379393351      -0.0039398702       0.0586919197      -0.0027806919
   22      -0.1344226947       0.3816324267      -0.0363503458       0.2572203534       0.0744148671
   23       0.4981228623      -0.1481335916      -0.0665273222      -0.2460434438       0.2229169036
   24       0.0890117360      -0.0308742258       0.2434277224       0.2480685819      -0.4315197994
   25       0.0791382825       0.0060244820       0.1282779653       0.1416598671      -0.0862612404
   26       0.0149823991      -0.0061373484       0.1764609599       0.0104150915      -0.0599116972
   27      -0.0143277669      -0.0017279793       0.0936724431       0.0112837641      -0.0223350364
   28      -0.0036884624       0.0002058937       0.0568688815       0.0074405735       0.0175877316
   29      -0.0031954023      -0.0002499217       0.0391120504       0.0000233290       0.0088830611
   30      -0.0028088677      -0.0000833884       0.0150532913      -0.0000235037       0.0037086730
   31      -0.0433249873      -0.4481473290      -0.0101479645       0.1700449452       0.0278497163
   32       0.2605763319       0.3906774032      -0.0150617094      -0.4103155582       0.1088290266
   33       0.1944335553       0.0268680018       0.0977611623      -0.0497191300      -0.2710005392
   34       0.1592740289      -0.0219916736       0.0867935543       0.0130710896      -0.1836936862
   35       0.0318645981       0.0035980050       0.1060037962       0.0384274383      -0.1801153125
   36       0.0240352919      -0.0003368077       0.0745797322       0.0273190080      -0.0529340252
   37       0.0112564735      -0.0013748047       0.0555429924       0.0087194020      -0.0282955309
   38      -0.0000564197      -0.0001474752       0.0303371777       0.0044579199      -0.0170315046
   39       0.0003895205      -0.0000817240       0.0171862634       0.0026034684      -0.0020449977
   40       0.0002203784      -0.0000863274       0.0093163842       0.0007216234      -0.0006882388
   41       0.0761904515      -0.4381746506      -0.0017219370      -0.1753359131       0.0307970308
   42       0.1431686671       0.0856219525       0.0307292631      -0.2821723287      -0.1025005076
   43       0.1165944062       0.0365906450       0.0437788249      -0.1242715454      -0.1605793712
   44       0.0787697978       0.0025721198       0.0475065791       0.0161481369      -0.1500464666
   45       0.0340302913       0.0012175994       0.0591859219      -0.0043542288      -0.0960110829
   46       0.0092150281       0.0006014477       0.0395206211       0.0017069668      -0.0536238404
   47       0.0068371046       0.0000226508       0.0254844996       0.0060548294      -0.0199253180
   48       0.0030983725      -0.0000690440       0.0172870759       0.0018166256      -0.0108413676
   49       0.0005126894      -0.0000322533       0.0089697543       0.0008602709      -0.0059067909
   50       0.0003623525      -0.0000130640       0.0041261355       0.0006635387      -0.0015306499
   51       0.0523194392      -0.2008551643       0.0067305856      -0.1776704910      -0.0207910637
   52       0.0592122480       0.0301411860       0.0156368810      -0.1453518254      -0.0787242324
   53       0.0870632202      -0.0024229213       0.0185621125      -0.0903472624      -0.0837361809
   54       0.0355896585       0.0013825975       0.0380860847      -0.0061242910      -0.1049691140
   55       0.0196253346       0.0022756155       0.0259910564       0.0036256501      -0.0546160532
   56       0.0093085068      -0.0000079234       0.0229129351      -0.0023278400      -0.0297294373
   57       0.0026461457       0.0000731014       0.0140108855       0.0005420749      -0.0169354765
   58       0.0016020380       0.0001028957       0.0081164787       0.0011167910      -0.0065756442
   59       0.0007996437      -0.0000100434       0.0051553395       0.0002716011      -0.0032104223
   60       0.0001563130      -0.0000027154       0.0022514169       0.0001493431      -0.0016538165
   61       0.0200863916      -0.1407253342       0.0035343365      -0.0787241839      -0.0197936610
   62       0.0545517823       0.0354244193       0.0063739037      -0.1199142557      -0.0330750220
   63       0.0393301889       0.0016972698       0.0190521482      -0.0392032900      -0.0729157628
   64       0.0267749691      -0.0028940405       0.0169559947      -0.0117376730      -0.0514830782
   65       0.0095572065       0.0010590143       0.0167418218      -0.0014133380      -0.0376931828
   66       0.0054260866       0.0002454345       0.0108759834       0.0008248648      -0.0176803293
   67       0.0027499020      -0.0000808308       0.0076777161       0.0000036931      -0.0093782784
   68       0.0007893679       0.0000426117       0.0044931843       0.0001734970      -0.0053073524
   69       0.0004229730       0.0000159572       0.0024538804       0.0002426944      -0.0021128784
   70       0.0002126070      -0.0000042552       0.0012868267       0.0000630037      -0.0008910748
   71       0.0196157715      -0.0949551598       0.0016165725      -0.0635551835      -0.0072863082
   72       0.0299287337       0.0095739536       0.0072191760      -0.0690743643      -0.0325916735
   73       0.0229687552       0.0051097924       0.0095023232      -0.0304075042      -0.0398354411
   74       0.0131890911      -0.0003548614       0.0096689959      -0.0050573534      -0.0331417077
   75       0.0067719509       0.0000790809       0.0085043323      -0.0030394861      -0.0196617137
   76       0.0026628445       0.0001578616       0.0060260016      -0.0006968575      -0.0116333628
   77       0.0014986772       0.0000205824       0.0037117494       0.0003545664      -0.0055867954
   78       0.0007462445       0.0000001565       0.0024021779       0.0000587354      -0.0029005669
   79       0.0002461942       0.0000051459       0.0013302753       0.0000449085      -0.0015719771
   80       0.0001160659       0.0000017612       0.0005984463       0.0000660246      -0.0005841998
   81       0.0126127713      -0.0484930645       0.0018360368      -0.0453882080      -0.0079221562
   82       0.0141044014       0.0014331230       0.0039512603      -0.0365240496      -0.0206886524
   83       0.0137099201       0.0004852276       0.0045849441      -0.0183871689      -0.0214315002
   84       0.0065500812       0.0002672342       0.0057466071      -0.0044297981      -0.0190168827
   85       0.0034139579       0.0002779121       0.0041298430      -0.0010975891      -0.0109885013
   86       0.0017695727       0.0000178115       0.0031364092      -0.0008211608      -0.0059832356
   87       0.0006847393       0.0000208425       0.0019911320      -0.0001310390      -0.0034397736
   88       0.0003652404       0.0000167897       0.0011443527       0.0000764649      -0.0016078393
   89       0.0001896180       0.0000002331       0.0006958473       0.0000114782      -0.0007957379
   90       0.0000578088       0.0000006898       0.0003187123       0.0000100116      -0.0003917637
   91       0.0040727703      -0.0213741058       0.0008522558      -0.0171877202      -0.0046545567
   92       0.0071664068       0.0027511842       0.0012059961      -0.0178423502      -0.0071211919
   93       0.0049095820      -0.0002624590       0.0024229727      -0.0062158451      -0.0104918023
   94       0.0031347519      -0.0003446295       0.0020498932      -0.0022696081      -0.0070623584
   95       0.0011992022       0.0001909442       0.0018509241      -0.0006022194      -0.0048250689
   96       0.0006737373       0.0000380765       0.0011558708      -0.0001022416      -0.0023935754
   97       0.0003526025      -0.0000094628       0.0007922588      -0.0001138745      -0.0012672077
   98       0.0001117406       0.0000089689       0.0004663466      -0.0000219069      -0.0007249790
   99       0.0000620455       0.0000031623       0.0002474116       0.0000185768      -0.0003106099
  100       0.0000335516      -0.0000005931       0.0001301877       0.0000007678      -0.0001317067

    1       0.0033627685       0.0004994720       0.0050207299       0.0190573412       0.0009462693
    2      -0.0319866522      -0.0000511578       0.0075502816       0.0273341786       0.0021014227
    3      -0.0483851008      -0.0235778959       0.0372598366       0.0185593481       0.0084489038
    4      -0.0733209181      -0.0085639003      -0.0399867593       0.0398762664      -0.0563267735
    5      -0.1004439715       0.0440496218      -0.0149855764       0.0309967734       0.0117830676
    6      -0.0439043595       0.4143453707      -0.2772580701       0.0650316939      -0.2822537524
    7      -0.0186623929      -0.4162117134      -0.1502574115       0.0353760256       0.4275589707
    8      -0.0121823463      -0.2590674835      -0.0553578694       0.0144224802       0.2680684403
    9      -0.0054693685      -0.0561282186      -0.0448693368       0.0102249801       0.0723736763
   10      -0.0019591081      -0.0658268979      -0.0204039123       0.0046056461       0.0665093930
   11      -0.0068681697      -0.0007126028      -0.0142942727      -0.0660298175       0.0006947326
   12       0.0810400959      -0.0124316437      -0.0585430520      -0.0694759118      -0.0156178665
   13       0.1741027876      -0.0022892137      -0.0467753177      -0.1111447701      -0.0421996554
   14       0.2862584182       0.0664145694      -0.1418509546      -0.0645237463       0.0404672938
   15       0.0215222496       0.2947747386       0.4729508803      -0.1069207670       0.2464568652
   16      -0.0065933305      -0.3982407839       0.0348396886      -0.0105223889      -0.1192860514
   17       0.0075903166      -0.1905424631      -0.0693314925       0.0097815578       0.0269745094
   18      -0.0024045506      -0.1633672733      -0.0038021702       0.0006802200       0.1558924759
   19      -0.0024022173      -0.1409388292      -0.0136972452       0.0029752084       0.0747768048
   20      -0.0003534703      -0.0496463214      -0.0121314210       0.0023456753       0.0276288184
   21       0.0267965850      -0.0031468672      -0.0013400710       0.1489415794      -0.0075130678
   22      -0.1111593801       0.0006932452       0.0927615598       0.2571640162      -0.0159771469
   23      -0.4207363778       0.0408496620       0.2810914053       0.1187909355       0.0687223733
   24       0.1813158379       0.1447371231      -0.1313375135      -0.0268307251       0.2965672810
   25       0.0777501276      -0.2349077001       0.2031808015      -0.0596250869      -0.3239564233
   26       0.0003267843      -0.1377885633       0.1721491412      -0.0339761039      -0.0809719600
   27       0.0123166327      -0.1930589291       0.0297945348      -0.0104404831      -0.0308356778
   28       0.0053391122      -0.1239307048       0.0132608066      -0.0045430815      -0.0263142281
   29       0.0002603864      -0.0708506203       0.0101992405      -0.0022854225       0.0147863210
   30       0.0005329045      -0.0432001332       0.0008787873      -0.0004428441       0.0092904547
   31      -0.3450882388       0.0002134097      -0.0241042232      -0.3840252271      -0.0027796310
   32       0.2376830060       0.0145167208       0.2184314593      -0.2542722275       0.0312112984
   33      -0.3725148813       0.0544700707      -0.2924102519       0.3064098224       0.1893786810
   34      -0.0623806729      -0.1008972364       0.0161065270       0.0299570154      -0.2439239557
   35       0.0335684934      -0.0941608393       0.0464917373      -0.0185987905      -0.1648603429
   36       0.0015835759      -0.1319762574       0.0473398244      -0.0038771531      -0.1828312766
   37       0.0020175466      -0.0981939993       0.0416753282      -0.0080557181      -0.0745641998
   38       0.0036598467      -0.0738683809       0.0173688229      -0.0045083024      -0.0338856847
   39       0.0010709684      -0.0447627844       0.0077606216      -0.0016286350      -0.0240113018
   40       0.0003413128      -0.0207839148       0.0043482492      -0.0009453541      -0.0060259783
   41       0.2410701584       0.0029151374       0.1387102884       0.1656994423       0.0034806286
   42       0.1218710214       0.0148858609      -0.2784764529      -0.4016413894       0.0787063572
   43      -0.0984701408      -0.0320293966      -0.2139147281       0.0923365353      -0.1039214603
   44      -0.0499800460      -0.0506705572      -0.1162101723       0.0647234860      -0.1626724085
   45      -0.0114074457      -0.0644259465       0.0201340221      -0.0051060364      -0.1770779575
   46      -0.0021223141      -0.0748970893       0.0066062376       0.0018765934      -0.1155703974
   47      -0.0004370690      -0.0575468645       0.0049164669       0.0009525037      -0.0744513893
   48       0.0001251766      -0.0374273401       0.0098004417      -0.0018765818      -0.0350406389
   49       0.0003414961      -0.0251082707       0.0044089909      -0.0007816418      -0.0174811232
   50       0.0001685639      -0.0119761916       0.0015924894      -0.0002552782      -0.0095184679
   51       0.3580038452       0.0027915350       0.0185311677       0.4174084461       0.0175108059
   52       0.1080586109      -0.0069606958      -0.2475984401      -0.1682180119      -0.0196720107
   53      -0.0569633966      -0.0197643792      -0.1659125137       0.0071203702      -0.0923943363
   54      -0.0011199033      -0.0242907438      -0.0878147378       0.0247334698      -0.1086714239
   55      -0.0032644632      -0.0486983919      -0.0181845222       0.0033114396      -0.1235172977
   56      -0.0049598426      -0.0380448554       0.0037253639       0.0003492491      -0.0786142787
   57      -0.0003610889      -0.0323190775      -0.0003273141       0.0008213673      -0.0446828037
   58      -0.0000948948      -0.0218487202       0.0009899420       0.0000351274      -0.0275707623
   59      -0.0002047017      -0.0127081885       0.0019275501      -0.0002505362      -0.0132562663
   60       0.0000239624      -0.0068126170       0.0006731432      -0.0000808656      -0.0056024634
   61       0.1876266126      -0.0006047673      -0.0343736476       0.2635476780       0.0018842475
   62       0.1053089986      -0.0050706720      -0.1247600204      -0.0715247199      -0.0283472646
   63      -0.0356835487      -0.0068020029      -0.1339428789       0.0287998141      -0.0438283987
   64      -0.0073295771      -0.0249658350      -0.0480360592       0.0097928104      -0.0907869426
   65       0.0029691959      -0.0235562448      -0.0167826021       0.0004965789      -0.0684960300
   66      -0.0015685868      -0.0241356934      -0.0048340152       0.0015577238      -0.0516753112
   67      -0.0007319480      -0.0170668470       0.0007102175       0.0000844519      -0.0296210643
   68       0.0000764872      -0.0118375010       0.0003826593      -0.0000947893      -0.0160540332
   69      -0.0000620670      -0.0073605641       0.0002829379       0.0000189991      -0.0094177831
   70      -0.0000440926      -0.0034271795       0.0003860437      -0.0000475030      -0.0039703550
   71       0.1346403798      -0.0005425769      -0.0059389198       0.1756907546      -0.0029068395
   72       0.0550957885      -0.0011857139      -0.1050409354      -0.0578366364      -0.0084809241
   73      -0.0078220824      -0.0094751019      -0.0747995252       0.0155805874      -0.0438716585
   74      -0.0062448349      -0.0129060547      -0.0380903007       0.0122897992      -0.0509753392
   75      -0.0010089039      -0.0145131713      -0.0098704072       0.0002404834      -0.0457131434
   76      -0.0002895671      -0.0126709287      -0.0043617945       0.0008861776      -0.0293385795
   77      -0.0002746114      -0.0096772065      -0.0015170096       0.0005398821      -0.0187047915
   78      -0.0001027715      -0.0062053387       0.0002999521      -0.0000831198      -0.0103346296
   79      -0.0000077479      -0.0039082498       0.0001786316      -0.0000208225      -0.0054182599
   80      -0.0000082029      -0.0019358486       0.0000528768       0.0000080257      -0.0026963304
   81       0.1003932669       0.0000860046      -0.0076730146       0.1331851863       0.0009121606
   82       0.0331817442      -0.0024000803      -0.0685033263      -0.0290643082      -0.0112827117
   83      -0.0040846793      -0.0054692741      -0.0463089322       0.0021650792      -0.0275480017
   84      -0.0004175373      -0.0068671105      -0.0222505340       0.0062529313      -0.0302697189
   85      -0.0006877068      -0.0083379223      -0.0083528754       0.0013179736      -0.0260891725
   86      -0.0007334645      -0.0066637226      -0.0023991645       0.0004318613      -0.0173677650
   87      -0.0001010462      -0.0050204584      -0.0011536412       0.0003301097      -0.0101938988
   88      -0.0000518970      -0.0033753446      -0.0003452678       0.0000912221      -0.0061129636
   89      -0.0000465941      -0.0019801850       0.0000657997      -0.0000016846      -0.0032329661
   90      -0.0000033506      -0.0010112711       0.0000237103       0.0000032999      -0.0014224949
   91       0.0427536586      -0.0001345912      -0.0079707822       0.0624467479       0.0002890340
   92       0.0179088532      -0.0012930140      -0.0265717428      -0.0099342022      -0.0069363858
   93      -0.0029397527      -0.0016677770      -0.0222342710       0.0023583630      -0.0101510940
   94      -0.0002852336      -0.0034655707      -0.0086339915       0.0014310929      -0.0142292754
   95       0.0003998996      -0.0030895394      -0.0035799862       0.0003558551      -0.0103140242
   96      -0.0003077358      -0.0028520158      -0.0014227487       0.0003627714      -0.0072495527
   97      -0.0001336112      -0.0019582426      -0.0002991371       0.0000803651      -0.0042838042
   98       0.0000009917      -0.0013043942      -0.0001546492       0.0000293398      -0.0023339650
   99      -0.0000168412      -0.0008100997      -0.0000611182       0.0000241200      -0.0013526479
  100      -0.0000102526      -0.0003705617       0.0000197509      -0.0000005649      -0.0005894977

    1       0.0029400540       0.0002531719       0.0007255771       0.0004250066       0.0000503529
    2       0.0086019702       0.0010262602      -0.0040726270       0.0153113480      -0.0024487071
    3      -0.0212749592       0.0027388122      -0.0064283990       0.0356432650      -0.0045200595
    4      -0.0482056811      -0.0329119414      -0.0592576379       0.0286706656      -0.0252563441
    5      -0.0788497066      -0.0211246897       0.0235287405       0.0570377634       0.0588866840
    6      -0.1254888434      -0.0006911247      -0.0607362820       0.0433825845      -0.0226534172
    7      -0.1004157140       0.4392051178       0.2329261671       0.0783705797       0.3978713836
    8      -0.0472155239      -0.2678819150       0.2338741278       0.0579007733      -0.3507785081
    9      -0.0260864383      -0.2548290012       0.1078664624       0.0279055423      -0.3123104380
   10      -0.0136789557      -0.0313653282       0.0519774765       0.0136974412      -0.0513012826
   11      -0.0066149255       0.0000460510      -0.0055409140       0.0095092034      -0.0000717865
   12      -0.0369089518       0.0002558607       0.0018241376      -0.0609479432      -0.0015326525
   13       0.0512991718      -0.0135475429       0.0622492079      -0.0791409359       0.0206088747
   14       0.1162478948      -0.0162039364       0.0613235172      -0.1422134713       0.0640138251
   15       0.3252645427       0.0563131981       0.2694463524      -0.1007680699       0.0102329043
   16       0.0698560467       0.3523650328      -0.4427158035      -0.1295257454      -0.2022275981
   17      -0.0066268268      -0.3394636588      -0.0361868364      -0.0218690333      -0.0363924148
   18       0.0037127552      -0.2034065915       0.1086580736       0.0106205362      -0.0358062039
   19      -0.0045777006      -0.1414940304       0.0314683409       0.0026201179      -0.1540086619
   20      -0.0045212297      -0.1197748330       0.0231451166       0.0034416244      -0.0839515203
   21       0.0455244193       0.0015448686       0.0123931186      -0.0146674770      -0.0024039523
   22       0.0670305972      -0.0020796668       0.0406386901       0.0996995510       0.0045258174
   23       0.0563268254      -0.0120415215      -0.0375670756       0.2363531779       0.0258945850
   24      -0.4126694063      -0.0063026034      -0.2551085746       0.1845817760      -0.0488400572
   25       0.1826728194       0.2610791151       0.0228771550      -0.0464709164      -0.3047854242
   26       0.1332276522      -0.2295531088      -0.1300495579      -0.0726840811       0.1869594347
   27       0.0194221058      -0.1626887908      -0.1711241791      -0.0435359727       0.0515347768
   28       0.0223535149      -0.1970763576      -0.0314912481      -0.0182287425      -0.0172365344
   29       0.0119321426      -0.1463829898      -0.0017005491      -0.0076743812       0.0104919080
   30       0.0019593178      -0.0651386830      -0.0075769958      -0.0036723466      -0.0126606168
   31      -0.0150859767      -0.0005123108       0.0017323029       0.0921838106       0.0033139040
   32      -0.3355096028      -0.0103759198      -0.0288605571      -0.1258183073       0.0183441305
   33       0.1291688974      -0.0233446671      -0.2762684668      -0.2811888822       0.0113033616
   34      -0.3137642599       0.1432362405       0.1875541664       0.3435437951      -0.2800910186
   35      -0.0873785964      -0.0939301775      -0.0404547023       0.0784063479       0.1985484831
   36       0.0451694499      -0.0978554455      -0.0737344696      -0.0216334419       0.1427135405
   37       0.0148711300      -0.1589338101      -0.0408306813      -0.0011280367       0.1554492762
   38       0.0077207710      -0.1250877954      -0.0419724542      -0.0081373168       0.0806191494
   39       0.0084663776      -0.0894399350      -0.0194013309      -0.0068557774       0.0320188210
   40       0.0032321163      -0.0476009046      -0.0057881761      -0.0020834078       0.0233856725
   41      -0.2353704134      -0.0030144597       0.0350601832      -0.3702502303      -0.0001731185
   42       0.2184274128      -0.0166269190      -0.2052082704       0.1342353387       0.0274087599
   43      -0.0300849373       0.0605753300       0.2303600704      -0.3882680752      -0.1402170281
   44      -0.1179745691      -0.0080846301       0.1577337947       0.0760326432       0.0836343768
   45      -0.0568712843      -0.0371104109       0.1075134375       0.0976572764       0.1528594212
   46      -0.0188144461      -0.0829880000      -0.0142139936       0.0066626642       0.1938266228
   47      -0.0018078246      -0.0940969202      -0.0102884693       0.0057387315       0.1305865003
   48       0.0014358155      -0.0767950407      -0.0016454314       0.0045422334       0.0872925773
   49       0.0013098847      -0.0508077217      -0.0084698912      -0.0010439245       0.0477707342
   50       0.0011310265      -0.0278583997      -0.0038956088      -0.0006020806       0.0198157333
   51       0.0900909370      -0.0048167384      -0.0597025353       0.0590917321       0.0129185574
   52       0.2887122988       0.0180253394       0.0495088253       0.1131444876      -0.0578293288
   53       0.0687709194       0.0188770367       0.2341307782      -0.1721563716      -0.0027218631
   54      -0.0806449665      -0.0035344589       0.1788294638      -0.0038568880       0.0869602628
   55      -0.0114568940      -0.0191374090       0.0915989458       0.0290962982       0.1337548196
   56      -0.0048050489      -0.0578702240       0.0350483949       0.0105676078       0.1411575080
   57      -0.0073584243      -0.0535947322       0.0038431336       0.0044540335       0.1024585820
   58      -0.0007094838      -0.0432231016       0.0027180039       0.0029611146       0.0609131023
   59       0.0002449971      -0.0304833283       0.0016595563       0.0012783982       0.0377264206
   60      -0.0001636619      -0.0149661685      -0.0008226936       0.0002411526       0.0175249089
   61       0.2002702681       0.0026183231      -0.0365171839       0.3211861568      -0.0042473215
   62       0.1802127253       0.0126639788       0.0992776116       0.0991712463      -0.0328666180
   63       0.0829320381       0.0074880295       0.1477204863      -0.1013298424       0.0205750309
   64      -0.0315332270       0.0094470483       0.1465356874       0.0247675102       0.0464165235
   65      -0.0143640278      -0.0248586318       0.0668689580       0.0135462052       0.1072773602
   66       0.0014305398      -0.0296039398       0.0273962057       0.0014601052       0.0898098418
   67      -0.0017245331      -0.0325938504       0.0132699034       0.0040071109       0.0673471519
   68      -0.0011928242      -0.0248011821       0.0033997517       0.0015681116       0.0431012165
   69       0.0001192547      -0.0166391926       0.0012793923       0.0004530686       0.0241100681
   70       0.0000095703      -0.0088707597       0.0008600676       0.0003879690       0.0123307777
   71       0.1100523571       0.0029556911      -0.0029466559       0.2069324225      -0.0070333143
   72       0.1499804796       0.0050363243       0.0417907979       0.1090094740      -0.0101027659
   73       0.0395605216       0.0124634521       0.1248805646      -0.0679976937      -0.0027066289
   74      -0.0067072174      -0.0029185181       0.0870042767       0.0091740400       0.0496953024
   75      -0.0064837682      -0.0115916973       0.0508064932       0.0161273658       0.0627066090
   76      -0.0026527785      -0.0191359559       0.0198522924       0.0018315614       0.0602076527
   77      -0.0006569154      -0.0177638848       0.0091410328       0.0018556032       0.0417501034
   78      -0.0002901854      -0.0140014470       0.0046815214       0.0015390705       0.0271407224
   79      -0.0001475169      -0.0092888178       0.0013066107       0.0003471799       0.0161217340
   80       0.0000189725      -0.0048225401       0.0004720596       0.0001515945       0.0074190438
   81       0.0814917944       0.0009409072      -0.0105670024       0.1434520884      -0.0014615237
   82       0.1004270648       0.0061976406       0.0400844983       0.0666405120      -0.0148839514
   83       0.0305275231       0.0050106277       0.0786261849      -0.0303497835       0.0069174610
   84      -0.0054032400      -0.0012883316       0.0578005295      -0.0006160177       0.0305776717
   85      -0.0010224963      -0.0067872488       0.0301559252       0.0069432588       0.0399075326
   86      -0.0009727974      -0.0105636512       0.0148470170       0.0026779135       0.0348517736
   87      -0.0012225667      -0.0098030801       0.0060577107       0.0012585039       0.0253176875
   88      -0.0002305705      -0.0073835903       0.0028694647       0.0008357488       0.0157455447
   89      -0.0000538943      -0.0050504222       0.0014036686       0.0003998281       0.0094479996
   90      -0.0000683732      -0.0025399338       0.0003958212       0.0001259207       0.0045662481
   91       0.0491612042       0.0007221141      -0.0076476345       0.0859398076      -0.0011658194
   92       0.0420546517       0.0030552702       0.0244316190       0.0266557967      -0.0075966605
   93       0.0163582527       0.0014293456       0.0327794549      -0.0136068188       0.0054550275
   94      -0.0019737495       0.0005050471       0.0266066229       0.0022346293       0.0119571847
   95      -0.0010902804      -0.0035521695       0.0130324800       0.0016387792       0.0180563212
   96       0.0002460205      -0.0040607986       0.0060520219       0.0005299759       0.0146020398
   97      -0.0003625307      -0.0040092053       0.0031105435       0.0008051343       0.0103692079
   98      -0.0002502662      -0.0029935841       0.0011581194       0.0003225971       0.0066779381
   99      -0.0000193136      -0.0019450719       0.0005207294       0.0001280012       0.0037836690
  100      -0.0000172117      -0.0010280744       0.0002794460       0.0000912718       0.0018836082

    1       0.0076415716       0.0070054794       0.0002598503       0.0007036282       0.0028521279
    2       0.0161162349       0.0076266917       0.0017244979       0.0026143213       0.0023380503
    3       0.0228875126      -0.0000217386       0.0009126734      -0.0027512853      -0.0084499149
    4       0.0073748932       0.0155811375       0.0080543190      -0.0014892426      -0.0366850263
    5      -0.0078228019       0.0353934286      -0.0630524033      -0.0619208429      -0.0252941509
    6      -0.0362969466       0.0593836333      -0.0227026085       0.0208397497      -0.0684677988
    7      -0.0538679803       0.0851210761      -0.0946969787      -0.1232652346      -0.0418726138
    8      -0.1298358451       0.1326894777       0.4095827170       0.0506083124      -0.1219305373
    9      -0.0808634475       0.0786714864      -0.0523738572       0.3345266969      -0.0996859855
   10      -0.0255595624       0.0270088417      -0.1463613631       0.1775973522      -0.0348822737
   11      -0.0355441196      -0.0323142626      -0.0012825929      -0.0025864475      -0.0094331794
   12      -0.0456057107      -0.0273784755      -0.0046827132      -0.0107623030      -0.0230754371
   13      -0.0849560646       0.0138025705      -0.0067618394      -0.0168011125       0.0433189774
   14      -0.0305570396      -0.0526954683       0.0041808851       0.0532029598       0.0629840290
   15      -0.0091681609      -0.0545774209      -0.0150337665       0.0607263997       0.1415986212
   16       0.1959635335      -0.2472468802       0.1880681139       0.3387938451       0.0950884732
   17       0.0666118208      -0.0830764861       0.2288819586      -0.4881043745       0.1744900320
   18      -0.0079087808       0.0021763890      -0.2799468262       0.0593390493       0.0490679923
   19      -0.0123647201       0.0052185671      -0.1565598793       0.2157029621      -0.0134708926
   20      -0.0087962683       0.0056364527      -0.0610530017       0.0687921234      -0.0006321241
   21       0.0743131103       0.0784681098       0.0005924094       0.0015161964       0.0228944062
   22       0.1244643440       0.0423287252       0.0125532016       0.0171168879       0.0558446608
   23       0.1664111127       0.0339976999       0.0283785845       0.0631458459      -0.0445237982
   24       0.1762492520      -0.0906143952      -0.0049149525       0.0291448797      -0.1794124670
   25      -0.2832561484       0.2994284907      -0.1226398801      -0.1533111873      -0.2062859725
   26       0.1110356648      -0.1227112622       0.3076606815      -0.2092322709       0.0473310292
   27       0.1251909490      -0.1376743798      -0.2192598855       0.0180278849       0.0944230276
   28       0.0263044512      -0.0323205608      -0.2271368275      -0.0643388425       0.0681944963
   29       0.0227167392      -0.0264587212      -0.1868611997       0.0339040358       0.0352461431
   30       0.0122941643      -0.0147010389      -0.1110353773       0.0522270190       0.0132775466
   31      -0.1202515589      -0.1794998519      -0.0001162276      -0.0057317219      -0.0666915498
   32      -0.1840454880      -0.2001381305       0.0063496393       0.0097878402      -0.1323395342
   33      -0.2191148628       0.1871360749      -0.0252967859      -0.0129554124      -0.0289017686
   34       0.1025273493       0.0029265503      -0.1755368909      -0.2252500267       0.3054084025
   35      -0.1318871840       0.1995297467       0.2411559751      -0.0339002776      -0.3291306672
   36      -0.0563698137       0.0777813285      -0.1107318774      -0.0206866883      -0.1288789248
   37       0.0490377787      -0.0399272859      -0.1423903428      -0.0534678359       0.0224842723
   38       0.0279011753      -0.0245141125      -0.1805753082       0.0328528400       0.0028446176
   39       0.0128585993      -0.0123083494      -0.1510433900       0.0218724476       0.0098679393
   40       0.0103956901      -0.0102121073      -0.0823681939       0.0126953910       0.0098141440
   41       0.2645298441       0.3064721961       0.0056997002       0.0112974545       0.0106792716
   42      -0.2353602236       0.1875050744       0.0062822999       0.0404168063       0.3427300494
   43      -0.0732826015      -0.2827729811      -0.1534127876      -0.2289312029      -0.1344037187
   44      -0.0585981486       0.0634511698       0.1642379587       0.1101393433       0.3382830455
   45      -0.0691185240       0.1099518258       0.0378678527       0.0885403109      -0.0550391205
   46      -0.0278441228       0.0410770873      -0.0031895481       0.0825682740      -0.1316353783
   47      -0.0056309645       0.0171025331      -0.1072076406       0.0332210506      -0.0262717451
   48       0.0061472037       0.0004807256      -0.1166752768       0.0319477400      -0.0120333679
   49       0.0063431140      -0.0038583344      -0.0892539945       0.0375412942      -0.0103881366
   50       0.0029809273      -0.0018841358      -0.0498354224       0.0150104195      -0.0011270049
   51      -0.0925513701       0.0729921813       0.0097623563       0.0299102203       0.2163809589
   52       0.3481494187       0.2150867560      -0.0563152569      -0.0835841921      -0.0382125121
   53       0.0235921126      -0.2485409459       0.0508946236       0.0269856388       0.0155826444
   54       0.0034185698      -0.0727454024       0.1123086061       0.1726134915       0.1626937593
   55      -0.0537675646       0.0708642793       0.0745475320       0.1620665930       0.0048406828
   56      -0.0116663362       0.0135099893       0.0091231420       0.0941776928      -0.0400104623
   57       0.0014877054       0.0020935396      -0.0525421465       0.0729952700      -0.0240148050
   58      -0.0019696898       0.0062809687      -0.0644313946       0.0420465728      -0.0126376575
   59       0.0015461533       0.0003701944      -0.0504218765       0.0275310139      -0.0076043811
   60       0.0015450108      -0.0007097652      -0.0283102539       0.0170434238      -0.0038613679
   61      -0.2426544665      -0.2889328810      -0.0160663450      -0.0266718615      -0.0494026383
   62       0.3693649523       0.0497953589      -0.0032917117      -0.0317587905      -0.2431232168
   63       0.0957674470      -0.1370409074       0.0700922430       0.0931047605      -0.0387718274
   64       0.0292613034      -0.0716180491       0.0807526307       0.1460448559       0.1182364847
   65      -0.0116299449       0.0161739161       0.0777283769       0.1342440954      -0.0207122249
   66      -0.0106320926       0.0115082090       0.0034784324       0.0922389597      -0.0231351636
   67       0.0020911745      -0.0013667144      -0.0247441153       0.0545272631      -0.0069465874
   68       0.0013634545       0.0003772299      -0.0327241954       0.0390452157      -0.0090934073
   69       0.0003199788       0.0006900149      -0.0284302506       0.0226674902      -0.0050976571
   70       0.0007899578      -0.0003334614      -0.0157405113       0.0106062786      -0.0018107443
   71      -0.1279740924      -0.2546961037      -0.0128370286      -0.0330428063      -0.1967976001
   72       0.1994584741       0.0009562488       0.0155136744       0.0081203260      -0.1796656851
   73       0.0910398197      -0.1244239146       0.0336266258       0.0481289877      -0.0796056140
   74       0.0227701992      -0.0368405130       0.0789426526       0.1193988956       0.0657163495
   75       0.0011392743       0.0025351498       0.0391407411       0.0945380916      -0.0037445731
   76      -0.0016214666       0.0017862859       0.0107605528       0.0655179463      -0.0220678748
   77      -0.0006414196       0.0015117810      -0.0133940010       0.0415664998      -0.0067287079
   78       0.0007766133       0.0002151940      -0.0178346796       0.0254524753      -0.0046294575
   79       0.0007340153      -0.0002281499      -0.0148104258       0.0163438763      -0.0038066974
   80       0.0002744455      -0.0000093934      -0.0086543202       0.0075437383      -0.0013630939
   81      -0.0987322866      -0.1650630568      -0.0044150058      -0.0148703825      -0.1227883551
   82       0.1619324216       0.0049881290       0.0012006224      -0.0075775462      -0.1458544360
   83       0.0521478194      -0.0843221112       0.0353546634       0.0447556448      -0.0410694841
   84       0.0174911004      -0.0334166724       0.0446925103       0.0765505363       0.0265060666
   85       0.0007243549       0.0028057893       0.0282131393       0.0644295586       0.0004011063
   86       0.0002415941      -0.0003845084       0.0062824541       0.0412053412      -0.0093113895
   87       0.0005036629      -0.0002380954      -0.0055690008       0.0273906057      -0.0058417886
   88      -0.0001070224       0.0008241223      -0.0092855957       0.0165298120      -0.0033809684
   89       0.0002523180       0.0000650329      -0.0078538805       0.0095493927      -0.0021341934
   90       0.0002259037      -0.0000797908      -0.0044495010       0.0049578057      -0.0010859054
   91      -0.0643322137      -0.0931862706      -0.0037121545      -0.0086178571      -0.0522070154
   92       0.0905044317       0.0039770361       0.0010894635      -0.0052394635      -0.0789581109
   93       0.0253220126      -0.0339776112       0.0184272421       0.0251262235      -0.0166651406
   94       0.0071318664      -0.0170039554       0.0188403137       0.0344384611       0.0146602174
   95       0.0011211524      -0.0002187525       0.0135669180       0.0281565356      -0.0028223229
   96      -0.0004637429       0.0005241533       0.0025718328       0.0188682075      -0.0030988605
   97       0.0004079074      -0.0004450148      -0.0022184977       0.0113438611      -0.0014666231
   98       0.0001604783       0.0000961631      -0.0034082350       0.0073165399      -0.0017493674
   99      -0.0000197309       0.0001698608      -0.0031663188       0.0041521519      -0.0009500689
  100       0.0000767768      -0.0000178621      -0.0017622359       0.0018963021      -0.0003688478

    1       0.0001209535       0.0002988308       0.0023050381       0.0002532739       0.0009301579
    2       0.0004998786       0.0034083410       0.0104720148       0.0013885148       0.0054246104
    3      -0.0047277274       0.0131602744       0.0180889146       0.0069827078       0.0060638013
    4      -0.0081091837       0.0288075588       0.0161235426       0.0011199342       0.0018264705
    5      -0.0485015890       0.0125678529       0.0213159000       0.0243589709      -0.0357401736
    6       0.0488679333       0.0112877540       0.0333590402      -0.1057743464      -0.0029198019
    7      -0.0599820960      -0.0481537067       0.0446631400       0.0082512837      -0.0762973469
    8       0.4771871172       0.0246068613       0.0541277015      -0.2614789078      -0.0082768268
    9      -0.2645318276      -0.2754613913       0.0963769902       0.2903404717      -0.2083359994
   10      -0.2914923637      -0.1823349161       0.0504737583       0.2244693486      -0.1238978880
   11      -0.0004323419       0.0004813127      -0.0050577833      -0.0000419337      -0.0027777937
   12      -0.0001689541      -0.0139427315      -0.0427106668      -0.0053966979      -0.0166467651
   13      -0.0008548777      -0.0308652831      -0.0602975052      -0.0176226203      -0.0398757822
   14       0.0312747529      -0.1118126127      -0.0352081807      -0.0364859881       0.0199299520
   15       0.0814695678      -0.0294255511      -0.0796237219       0.0134056944       0.0348611925
   16       0.0704153591      -0.0753826359      -0.0472532337      -0.0127064546       0.1273374764
   17      -0.0849174742       0.2552913202      -0.1590962110       0.4215896557       0.0486057349
   18      -0.1918896318       0.0770425899      -0.0651296001      -0.0507005669       0.1707313913
   19      -0.0984426895      -0.0321803257      -0.0035578239      -0.1499770762       0.1144825907
   20      -0.1174472670      -0.0383785893       0.0005579092       0.0474728791       0.0010200396
   21       0.0018545744      -0.0067746051       0.0001909949      -0.0004806281       0.0057497081
   22      -0.0018090826       0.0142321877       0.1065383284       0.0036384432       0.0358950147
   23      -0.0117771092       0.0846579965       0.1036372284       0.0276720012       0.0948709856
   24       0.0194495995       0.1452101457       0.1384732418       0.0795212868       0.0088068755
   25      -0.0704650363       0.3075454865      -0.0119695450       0.0592779074      -0.1119965451
   26      -0.1886334085      -0.3959262150       0.1568608989      -0.1087563588      -0.2135072374
   27       0.0408007863       0.1137282875      -0.0537819432       0.0267188088       0.0154493878
   28      -0.0244398320       0.2009115469      -0.0893356795      -0.0970969544       0.1323535304
   29      -0.0872435845       0.0370076938      -0.0264198250      -0.1733207299       0.1141787798
   30      -0.0179228260       0.0276233736      -0.0150323739      -0.0977645145       0.0621371316
   31      -0.0051863869       0.0073133183      -0.0041844556      -0.0005740266       0.0009360378
   32      -0.0117320704       0.0212761497      -0.1541796971      -0.0120728043      -0.0778801849
   33       0.0208843596      -0.0177774979      -0.2680080795       0.0105950342      -0.1477306381
   34       0.1039519119      -0.2052448480       0.0386113301      -0.0042653555      -0.1388476237
   35      -0.3473539961       0.0073125018       0.0967102995      -0.2253360315       0.3382998829
   36       0.1395366608      -0.1012623186       0.1239757368       0.0677697854      -0.2948381066
   37       0.1215211631      -0.0635527011       0.0603716572      -0.1203651980      -0.1559673945
   38       0.0825519208       0.0776712179      -0.0092401063      -0.1728888477       0.0377586132
   39       0.0507633389       0.0599773833      -0.0126268384      -0.1181002592       0.0250418013
   40       0.0096153625       0.0174499509      -0.0038274054      -0.0760929724       0.0172502143
   41      -0.0011825167      -0.0073725711      -0.0940594476      -0.0098778190      -0.0400262570
   42       0.0148544973       0.0397180671       0.1922200432       0.0173081143      -0.0237912554
   43       0.1146560279      -0.2850183648       0.0841508001       0.0752827583       0.2789702763
   44      -0.1912081109      -0.0575190767      -0.3145678131      -0.3381763104      -0.1358323910
   45       0.0621784262      -0.0951886342       0.0092320325       0.1600958613       0.2699327686
   46       0.1403775545      -0.0923388575       0.0844236548       0.0383321457      -0.0227418352
   47       0.1878947972      -0.0026775262       0.0280934378      -0.0045560130      -0.1475376520
   48       0.1250378588       0.0104247899       0.0176777961      -0.0722947320      -0.0353729243
   49       0.0769010419       0.0188192172       0.0074598704      -0.0787610303      -0.0065444090
   50       0.0393386184       0.0144061581       0.0007491162      -0.0351631156      -0.0100145118
   51      -0.0008725787       0.0759667907       0.3147423941       0.0226639970       0.0298015923
   52       0.0689943995      -0.1930720594      -0.0404604574       0.0621114964       0.2712706949
   53      -0.1075418678       0.1645958117       0.3701382202      -0.1328065122      -0.0030093779
   54      -0.0317476944       0.0386255994      -0.2098768965       0.0286217809       0.0615637389
   55       0.0661443990       0.0200978019      -0.1059980029       0.1652549499       0.1462621895
   56       0.1601729741      -0.0544718692       0.0344304505       0.1531620314       0.0009954823
   57       0.1522368045      -0.0002184480       0.0075842976       0.0516035369      -0.0465838863
   58       0.1120435411       0.0212214440       0.0006896157       0.0028211234      -0.0306872371
   59       0.0684532255       0.0076445070       0.0060894235      -0.0194122213      -0.0154571668
   60       0.0353494937       0.0062044794       0.0020047873      -0.0164534136      -0.0072459983
   61       0.0155801050      -0.0401180183       0.0205967981       0.0245650151       0.0971344778
   62      -0.0249873097      -0.0187469090      -0.1497147631      -0.0546291430      -0.0435713423
   63      -0.0934905317       0.2717900298       0.2152241758      -0.0326436791      -0.1436751685
   64      -0.0081349326       0.1330757232      -0.0742493601       0.1036426101      -0.0208300149
   65       0.0415389750       0.0513975906      -0.0725718772       0.1740895451       0.1196395378
   66       0.1188693938       0.0118435749      -0.0039661608       0.1492348026      -0.0177807701
   67       0.1107022294       0.0040611787       0.0013899516       0.0720939990      -0.0319887705
   68       0.0778143811       0.0146691449      -0.0025917349       0.0225015193      -0.0102945534
   69       0.0513859148       0.0113806384      -0.0002061466       0.0050151192      -0.0108558010
   70       0.0249132405       0.0039765705       0.0007246094      -0.0014873725      -0.0058423760
   71       0.0012619911      -0.0707886954      -0.2776435704      -0.0256974062      -0.0334009360
   72      -0.0441926006       0.0799107178      -0.1314649711      -0.0603028940      -0.2258939925
   73      -0.0485266037       0.1917367800       0.1112792424       0.0195748559      -0.1446295096
   74      -0.0329595616       0.1330262579      -0.0728448683       0.0595045135      -0.0660507833
   75       0.0467545164       0.0528026580      -0.0377933483       0.1542869523       0.0517542757
   76       0.0728272769       0.0193204443      -0.0039428816       0.1075518869      -0.0006210571
   77       0.0726015297       0.0148595985      -0.0042051395       0.0597708413      -0.0269361989
   78       0.0524634424       0.0093415208      -0.0012991182       0.0261109233      -0.0109725580
   79       0.0332605369       0.0068793158      -0.0002272332       0.0082616311      -0.0059647072
   80       0.0171805496       0.0040795252      -0.0003298646       0.0031711974      -0.0045647269
   81      -0.0058388673      -0.0293812125      -0.2052138251      -0.0313659968      -0.0890692484
   82      -0.0190587857       0.0299864494      -0.1290340989      -0.0275885333      -0.1536254602
   83      -0.0504906789       0.1561681250       0.0887970265      -0.0093361380      -0.1380691234
   84      -0.0101112656       0.0852715713      -0.0521710211       0.0626365153      -0.0369618106
   85       0.0267872583       0.0417637227      -0.0348906495       0.0939194498       0.0173977600
   86       0.0481656645       0.0146318161      -0.0019656252       0.0758764920      -0.0029737315
   87       0.0432483054       0.0101312798      -0.0029531208       0.0402044340      -0.0119445457
   88       0.0319175195       0.0078453114      -0.0019458959       0.0195464701      -0.0085372380
   89       0.0204822506       0.0038764134       0.0000915261       0.0080663261      -0.0050139458
   90       0.0103186611       0.0021212279      -0.0000577901       0.0025416473      -0.0025313442
   91      -0.0001980025      -0.0156055430      -0.0830566192      -0.0098680056      -0.0336899384
   92      -0.0111174748       0.0108005297      -0.0679303625      -0.0186334223      -0.0719238478
   93      -0.0247767315       0.0790417468       0.0428670437      -0.0037154098      -0.0673469748
   94      -0.0026075565       0.0410116136      -0.0182779954       0.0314941146      -0.0181054734
   95       0.0114331420       0.0174012871      -0.0174398882       0.0434081123       0.0118267763
   96       0.0208718745       0.0081166462      -0.0026767868       0.0330904133      -0.0042241987
   97       0.0189561534       0.0038078079      -0.0009302194       0.0186439182      -0.0051322898
   98       0.0131451981       0.0032223816      -0.0009576381       0.0085421241      -0.0023617020
   99       0.0086508921       0.0020815362      -0.0002078691       0.0038560157      -0.0024049621
  100       0.0042789513       0.0007196048       0.0000570715       0.0013769297      -0.0012109984

    1       0.0000298016       0.0056336918
    2      -0.0001835425       0.0074902508
    3      -0.0019267767       0.0078202947
    4       0.0026327868       0.0070690209
    5      -0.0004583448       0.0088156960
    6       0.0295020899       0.0074385260
    7      -0.0470064137       0.0104924404
    8       0.0826108126       0.0068516742
    9       0.0021234542       0.0107979912
   10      -0.1738205575       0.0079689474
   11      -0.0004678373      -0.0274671887
   12       0.0000691797      -0.0311714844
   13       0.0041121663      -0.0222312616
   14       0.0192738210      -0.0245490950
   15      -0.0217421530      -0.0230984975
   16      -0.0570241658      -0.0223860759
   17      -0.1620083258      -0.0173517542
   18       0.4191267613      -0.0201869921
   19      -0.1670807170      -0.0038156061
   20      -0.2072288025       0.0016016396
   21       0.0010180147       0.0850417856
   22       0.0016374570       0.0607252724
   23       0.0051014532       0.0556794102
   24      -0.0268751539       0.0469740174
   25      -0.0635341528       0.0308475259
   26      -0.0630540607       0.0279180229
   27       0.4815488225      -0.0082860836
   28      -0.1576719713      -0.0061164603
   29      -0.1566134988      -0.0024913987
   30      -0.0822496855      -0.0014341177
   31      -0.0014709255      -0.1521063555
   32       0.0029029533      -0.1280820752
   33      -0.0108163283      -0.0880150352
   34      -0.0278579316       0.0025060974
   35      -0.0379232200      -0.0050653733
   36       0.3619509912       0.0277385297
   37      -0.0682829302       0.0190382820
   38      -0.0821754910       0.0032456902
   39      -0.1638275231       0.0038527448
   40      -0.1070882519       0.0021228756
   41       0.0049595728       0.2718267690
   42      -0.0014905725       0.1901193412
   43      -0.0207198151      -0.0980082212
   44      -0.0009993367      -0.0551064626
   45       0.1711805149      -0.0349130226
   46      -0.0145105504      -0.0014167373
   47      -0.0687942738       0.0103396236
   48      -0.1511148709       0.0061706364
   49      -0.1419530631       0.0040298353
   50      -0.0898555780       0.0027012000
   51      -0.0071192268      -0.4080269552
   52      -0.0070697013       0.2228588110
   53      -0.0022104369       0.1278294076
   54       0.0691822646      -0.0351572947
   55      -0.0019463698      -0.0330771443
   56      -0.0600213081      -0.0056614819
   57      -0.1035849460      -0.0004990007
   58      -0.1375405163       0.0017921565
   59      -0.1184948294       0.0024702293
   60      -0.0635068706       0.0013376764
   61      -0.0044058840      -0.1149376569
   62      -0.0034101857      -0.2913978401
   63       0.0250725290       0.1909763209
   64       0.0092742140       0.0219844419
   65      -0.0381628241      -0.0240598934
   66      -0.0503791243       0.0001047744
   67      -0.1052908849       0.0003404880
   68      -0.1005573356      -0.0004629914
   69      -0.0818124916       0.0010610951
   70      -0.0466493474       0.0007176693
   71       0.0057945302       0.3865510862
   72       0.0058097308      -0.3278078326
   73       0.0091900409       0.0614425311
   74      -0.0077108767       0.0346032188
   75      -0.0167168281      -0.0111755879
   76      -0.0588453227      -0.0004684590
   77      -0.0694326042       0.0016701843
   78      -0.0703748636       0.0002058100
   79      -0.0537086104       0.0005030105
   80      -0.0297764365       0.0004509840
   81       0.0070392133       0.3357295889
   82       0.0038521798      -0.1651367763
   83       0.0028375509       0.0318661688
   84       0.0029780614       0.0131293665
   85      -0.0216625464      -0.0058750046
   86      -0.0377156312      -0.0002322802
   87      -0.0464831203       0.0005606375
   88      -0.0429455527       0.0002762502
   89      -0.0329826978       0.0004139624
   90      -0.0175899240       0.0002428032
   91       0.0029647488       0.1431033393
   92       0.0004595766      -0.0926956977
   93       0.0046540416       0.0360947891
   94      -0.0002679141       0.0040503059
   95      -0.0113090533      -0.0047623553
   96      -0.0160257494       0.0005946723
   97      -0.0209114121       0.0000976918
   98      -0.0184538354      -0.0000812927
   99      -0.0136362534       0.0002060365
  100      -0.0075133848       0.0001082978
