 30 30
 1.89775051256421889
 0.189212178373149228E-01
 -0.177346711887173797
 0.285390255705121020E-01
 0.117421295103266571
 -0.108113416642430672E-01
 -0.181273718435335900E-01
 0.219170948917988715E-02
 0.254074210398737418E-02
 0.579675850294103122E-03
 0.285040611946511661E-03
 -0.573959392146183443E-03
 -0.437665242169073482E-03
 0.220390748629632348E-03
 0.218654827462475313E-03
 -0.476404921173668880E-04
 -0.682533881162194865E-04
 -0.472076754440356353E-05
 0.917501271955926315E-05
 0.142547973671411078E-04
 0.801385332200406864E-05
 -0.431806540655166862E-05
 -0.549017839362386120E-05
 -0.380986883790360773E-06
 0.409272286953666955E-05
 0.514630181802097401E-05
 0.268744213230514938E-05
 -0.133719501498734565E-05
 -0.354094525621361928E-05
 -0.191216423100044473E-05
