Z A symb mass MA (NIST 2012)
0 0 X 0.            1.
1 1 H 1.00782503207 0.999885
1 2 D 2.0141017778 0.000115
1 3 T 3.0160492777 0.
2 3 He 3.0160293191 0.00000134
2 4 He 4.00260325415 0.99999866
3 6 Li 6.015122795 0.0759
3 7 Li 7.01600455 0.9241
4 9 Be 9.0121822 1.
5 10 B 10.0129370 0.199
5 11 B 11.0093054 0.801
6 12 C 12. 0.9893
6 13 C 13.0033548378 0.0107
6 14 C 14.003241989 0.
7 14 N 14.0030740048 0.99636
7 15 N 15.0001088982 0.00364
8 16 O 15.99491461956 0.99757
8 17 O 16.99913170 0.00038
8 18 O 17.9991610 0.00205
9 19 F 18.99840322 1.
10 20 Ne 19.9924401754 0.9048
10 21 Ne 20.99384668 0.0027
10 22 Ne 21.991385114 0.0925
11 23 Na 22.9897692809 1.
12 24 Mg 23.985041700 0.7899
12 25 Mg 24.98583692 0.1000
12 26 Mg 25.982592929 0.1101
13 27 Al 26.98153863 1.
14 28 Si 27.9769265325 0.92223
14 29 Si 28.976494700 0.04685
14 30 Si 29.97377017 0.03092
15 31 P 30.97376163 1.
16 32 S 31.97207100 0.9499
16 33 S 32.97145876 0.0075
16 34 S 33.96786690 0.0425
16 36 S 35.96708076 0.0001
17 35 Cl 34.96885268 0.7576
17 37 Cl 36.96590259 0.2424
18 36 Ar 35.967545106 0.003365
18 38 Ar 37.9627324 0.000632
18 40 Ar 39.9623831225 0.996003
19 39 K 38.96370668 0.932581
19 40 K 39.96399848 0.000117
19 41 K 40.96182576 0.067302
20 40 Ca 39.96259098 0.96941
20 42 Ca 41.95861801 0.00647
20 43 Ca 42.9587666 0.00135
20 44 Ca 43.9554818 0.02086
20 46 Ca 45.9536926 0.00004
20 48 Ca 47.952534 0.00187
21 45 Sc 44.9559119 1.
22 46 Ti 45.9526316 0.0825
22 47 Ti 46.9517631 0.0744
22 48 Ti 47.9479463 0.7372
22 49 Ti 48.9478700 0.0541
22 50 Ti 49.9447912 0.0518
23 50 V 49.9471585 0.00250
23 51 V 50.9439595 0.99750
24 50 Cr 49.9460442 0.04345
24 52 Cr 51.9405075 0.83789
24 53 Cr 52.9406494 0.09501
24 54 Cr 53.9388804 0.02365
25 55 Mn 54.9380451 1.
26 54 Fe 53.9396105 0.05845
26 56 Fe 55.9349375 0.91754
26 57 Fe 56.9353940 0.02119
26 58 Fe 57.9332756 0.00282
27 59 Co 58.9331950 1.
28 58 Ni  57.9353429 0.680769
28 60 Ni 59.9307864 0.262231
28 61 Ni 60.9310560 0.011399
28 62 Ni 61.9283451 0.036345
28 64 Ni 63.9279660 0.009256
29 63 Cu 62.9295975 0.6915
29 65 Cu 64.9277895 0.3085
30 64 Zn 63.9291422 0.48268
30 66 Zn 65.9260334 0.27975
30 67 Zn 66.9271273 0.04102
30 68 Zn 67.9248442 0.19024
30 70 Zn 69.9253193 0.00631
31 69 Ga 68.9255736 0.60108
31 71 Ga 70.9247013 0.39892
32 70 Ge 69.9242474 0.2038
32 72 Ge 71.9220758 0.2731
32 73 Ge 72.9234589 0.0776
32 74 Ge 73.9211778 0.3672
32 76 Ge 75.9214026 0.0783
33 75 As 74.9215965 1.
34 74 Se 73.9224764 0.0089
34 76 Se 75.9192136 0.0937
34 77 Se 76.9199140 0.0763
34 78 Se 77.9173091 0.2377
34 80 Se 79.9165213 0.4961
34 82 Se 81.9166994 0.0873
35 79 Br 78.9183371 0.5069
35 81 Br 80.9162906 0.4931
36 78 Kr 77.9203648 0.00355
36 80 Kr 79.9163790 0.02286
36 82 Kr 81.9134836 0.11593
36 83 Kr 82.914136 0.11500
36 84 Kr 83.911507 0.56987
36 86 Kr 85.91061073 0.17279
37 85 Rb 84.911789738 0.7217
38 88 Sr 87.9056121 0.8258
39 89 Y 88.9058483 1.
40 90 Zr 89.9047044 0.5145
41 93 Nb 92.9063781 1.
42 98 Mo 97.9054082 0.2419
43 98 Tc 97.907216 1.
44 102 Ru 101.9043493 0.3155
45 103 Rh 102.905504 1.
46 106 Pd 105.903486 0.2733
47 107 Ag 106.905097 0.51839
47 109 Ag 108.904752 0.48161
48 114 Cd 113.9033585 0.2873
49 115 In 114.903878 0.9571
50 120 Sn 119.9021947 0.3258
51 121 Sb 120.9038157 0.5721
51 123 Sb 122.9042140 0.4279
52 130 Te 129.9062244 0.3408
53 127 I 126.904473 1.
54 132 Xe 131.9041535 0.269086
55 133 Cs 132.905451933 1.
56 138 Ba 137.9052472 0.71698
57 139 La 138.9063533 0.99910
58 140 Ce 139.9054387 0.88450
59 141 Pr 140.9076528 1.
60 142 Nd 141.9077233 0.272
61 145 Pm 144.912749 1.
62 152 Sm 151.9197324 0.2675
63 153 Eu 152.9212303 0.5219
64 158 Gd 157.9241039 0.2484
65 159 Tb 158.9253468 1.
66 164 Dy 163.9291748 0.28260
67 165 Ho 164.9303221 1.
68 166 Er 165.9302931 0.33503
69 169 Tm 168.9342133 1.
70 174 Yb 173.9388621 0.3183
71 175 Lu 174.9407718 0.9741
72 180 Hf 179.9465500 0.3508
73 181 Ta 180.9479958 0.99988
74 184 W 183.9509312 0.3064
75 187 Re 186.9557531 0.6260
76 192 Os 191.9614807 0.4078
77 193 Ir 192.9629264 0.627
78 195 Pt 194.9647911 0.33832
79 197 Au 196.9665687 1.
80 202 Hg 201.9706430 0.2986
81 205 Tl 204.9744275 0.7048
82 208 Pb 207.9766521 0.524
83 209 Bi 208.9803987 1.
84 209 Po 208.9824304 1.
85 210 At 209.987148 1.
86 222 Rn 222.0175777 1.
87 223 Fr 223.0197359 1.
88 226 Ra 226.0254098 1.
89 227 Ac 227.0277521 1.
90 232 Th 232.0380553 1.
91 231 Pa 231.0358840 1.
92 238 U 238.0507882 0.992742
93 237 Np 237.0481734 1.
94 244 Pu 244.064204 1.
95 243 Am 243.0613811 1.
96 247 Cm 247.070354 1.
97 247 Bk 247.070307 1.
98 251 Cf 251.079587 1.
99 252 Es 252.082980 1.
100 257 Fm 257.095105 1.
101 258 Md 258.098431 1.
102 259 No 259.10103 1.
103 262 Lr 262.10963 1.
104 265 Rf 265.11670 1.
105 268 Db 268.12545 1.
106 271 Sg 271.13347 1.
107 272 Bh 272.13803 1.
108 270 Hs 270.13465 1.
109 276 Mt 276.15116 1.
110 281 Ds 281.16206 1.
