 30 0
 3.05567618651521178
 -0.387552561077800402E-02
 0.362104655719323598E-01
 -0.530589035832196559E-02
 -0.150883035992536076E-01
 0.180163772289059442E-02
 0.149572376873839718E-02
 0.805635074701905652E-04
 0.176212224375385838E-03
 -0.210362333581846055E-03
 -0.169109695229127790E-03
 0.803399445418478573E-04
 0.921372890564473051E-04
 -0.210460594038160419E-04
 -0.324489980716477540E-04
 0.117169011613050838E-05
 0.474614394156325088E-05
 0.399296936512522564E-05
 0.153363120618120103E-05
 -0.353877162048743810E-05
 -0.238404368608901790E-05
 0.543490026077864873E-06
 0.108342236176666158E-05
 0.343696074723912407E-06
 -0.812400205583611045E-06
 -0.128163223845606709E-05
 -0.646090897300889352E-06
 0.327319857948809944E-06
 0.812961909547953328E-06
 0.415922247152272469E-06
