           8
           1  -1.15719371244678019472206042486181269        0.792890048386401250905646706509994860      
           2  -2.93063742025724401921919101154295903         1.07193014424797975646401548286861638      
           3   2.93063742025724401922305867731345136         1.07193014424797975646401548286862120      
           4 -0.381186990207322116860779785923343393        0.764544128651729199071391485062513875      
           5   1.98165675669584292586021142733867638        0.866752606563381222217794517844472064      
           6  -1.98165675669584292585270583216123116        0.866752606563381222217794517844471872      
           7   1.15719371244678019471718612006647233        0.792890048386401250905646706509991874      
           8  0.381186990207322116854280829770746488        0.764544128651729199071391485062515127      
  Rkind          16
  Optimal norm   4.10100501626791030886158216739985518E-0040
