           9
           1  0.723551018752837573330620945994990867        0.730302452745092153695080295367296055      
           2 -0.723551018752837573316228731356753373        0.730302452745092153695080295367293262      
           3   3.76255535842321267079212701118649382E-0021  0.720235215606050957124334723389416601      
           4  -2.26658058453184311180596142716217567        0.841752701478669958134274747440214895      
           5   3.19099320178152760722812186934132887         1.04700358097668224536865388773751972      
           6  -1.46855328921666793167270579179832660        0.764608125094550302903474587238135484      
           7  -3.19099320178152760722804097945601586         1.04700358097668224536865388773752126      
           8   2.26658058453184311179673272068781017        0.841752701478669958134274747440215473      
           9   1.46855328921666793166369883839071794        0.764608125094550302903474587238135773      
  Rkind          16
  Optimal norm   9.64875006781800349549601653845454259E-0040
