          10
           1   1.75668364929988177344790410923199440        0.741441931943564970082047701889190309      
           2 -0.342901327223704608785897225968529766        0.687081853951273362686567184226930122      
           3   2.53273167423278979640417765007966533        0.820666126404816614571910879903883503      
           4   1.03661082978951365417690678405023215        0.703296323104906170098341726820798630      
           5  -2.53273167423278979641962332909102497        0.820666126404816614571910879903883503      
           6  -1.03661082978951365417243850087182336        0.703296323104906170098341726820798919      
           7  -3.43615911883773760332672188361974719         1.02545169136573723302060214399980184      
           8  0.342901327223704608795305633577851421        0.687081853951273362686567184226929063      
           9   3.43615911883773760333033151378059988         1.02545169136573723302060214399980050      
          10  -1.75668364929988177344994475116921809        0.741441931943564970082047701889189635      
  Rkind          16
  Optimal norm   1.00818983141200281601792991895305069E-0039
