          11
           1   2.02594801582575533516990458823108160        0.721953624728389869804566133459988319      
           2   2.78329009978165177084104330454286138        0.802516868851030446461778230907366931      
           3  -2.78329009978165177083958130886525251        0.802516868851030446461778230907366738      
           4   3.66847084655958251845240775929396446         1.00652678617238840922610640511009197      
           5  -3.66847084655958251846230140478265169         1.00652678617238840922610640511009177      
           6  -1.32655708449493285595211831746144979        0.681211881066669909710873778723473501      
           7  -2.02594801582575533517120351992307757        0.721953624728389869804566133459988608      
           8  0.656809566882099765031635821998649544        0.660960419440960883445926117547386414      
           9  -2.61774315723996829979412830118355392E-0021  0.654759286914591779203940657626743520      
          10 -0.656809566882099765024920638965136241        0.660960419440960883445926117547386992      
          11   1.32655708449493285595775145908824990        0.681211881066669909710873778723473886      
  Rkind          16
  Optimal norm   8.22809173427226334002079208343705700E-0040
