          28
           1   1.93054594371249343733074510007466971        -1.23343555187085656576540488390540011         1.32719656962786921047705880757341412      
           2  -1.28027612519514889784287771380421829        0.753662126668042200331673103899803941        0.939968864208319610603751301568480854      
           3 -0.413729656945995084470835871311882960         1.99334937202200027927986070479665858        0.694562173945711296934085652678227157      
           4  0.945888813848621515503109698808291383        -1.57577986243472547025097029688460453         1.01737521320291404785204199883597534      
           5   1.83669868011301760145559545485646987         1.72233951807682364317204237095514148E-0002   1.03848596902414880884021222521643361      
           6  -1.49149088430355033603193441427651039       -0.412526898471439679565120285409893578        0.839405004736851678890854302840953361      
           7 -0.760440579489060113061943880985967063        -1.14225056077784584159275095641426669         1.00029257294155816533621991445518405      
           8 -0.680132227473095910159984824957383726        -6.08249708068156624410088595877150841E-0002  0.818442469123848525727242150551817159      
           9  -2.01088460030845138824346179760728789        -1.25410866036516673002523153156946559         1.34525362717749677194223442630268776      
          10   2.47994465652530973290120350667509488         1.09641438854800432350935913108003916         1.74334235905355195505306789867493573      
          11   1.35005914846889825436823208450595867        0.935825927009969304691034888552597917        0.887566502263876440422376089772568200      
          12  -1.23055214396243058472513844367798098        -2.16136379507685734799448922424531686         1.41343493475303617621727289222591197      
          13  -2.25775935939226402348589147761223148         1.48797312126825287794088917823309512         1.72533834255747223131246256114292180      
          14  0.436858563433728453853273567053985713         1.44180572095802489031596495556654863         1.00026271365782292938165006506290006      
          15   1.42021455708596501188870526099108605         2.05629827140221822050877244842228102         1.49291376774634628130469224000157389      
          16  -1.16279940333534910078033285575002270         1.90690607537422523273969986463096910         1.12700249372044889631160837447561229      
          17  -7.72692540107676443493260782250094029E-0002  -2.25979531666764230102483863720852590         1.29430898376738495188711177346797673      
          18   2.87499079545683393919539349271086827       -0.422173104603021311949628412027953769         1.70184503850052089843152092975619316      
          19  0.229004378595365019662955613196802354         2.71567053151660839108112059361131970         1.72237557716472567303750762216936655      
          20  -3.18464116628183861740002752371108459       -0.307705838335248287306392637774299037         3.20703462433388325491955653566108173      
          21  -2.13351708975601086616429270274250680        0.252410238380049294253144858319973288         1.01050424791406064201786543841756281      
          22  0.750017187055625092176116814639928061        0.372518479979053009690039599352089503        0.678013620125452814008063733295233190      
          23   1.49139393037223929320318246967896496        -3.18497126719393656593201816237709192         14.9027232936257305695162754431924039      
          24   7.86295161838127708463108356946649548E-0002  0.383102483674748279793158791143028833        0.614947577825887422438022438577594498      
          25  0.147861890477172625932944854628013305        -1.35280375855976766718274169954477322        0.636626246321764430932340100646270106      
          26 -0.427668320195878630458553182471632998         1.01232169912560689072169496939698084        0.779169334380340321746130477191862849      
          27  0.113517129980996091488969072095633419       -0.543118121619512105450828591841328642        0.775345474272246876580660760589480071      
          28   1.02553561933976235736786294152328817       -0.514624124324735894806709331924302588        0.887647802055599067221267887517452311      
  Rkind          16
  Optimal norm   2.44182882103945328392025700590108066E-0024
