          11
           1  -4.60260196339074596625267165170981026E-0023  -1.68499483962868244966817368341814999         1.93343623274268087464459837847383816      
           2  -1.62906617434278582574123059909420331        0.368788492026616382771844374093731955         1.91102681089765924915477042570625713      
           3 -0.735300690719569233818157027257918215       -0.549914569984798072058013085589528195         1.32810713996463734118530381004227337      
           4  0.689779438831041639043775212657351337         1.58081596195774400944019985367177540         1.92007469783935402577693928679569449      
           5  0.348648095837893159660933548068048765       -0.425550673058494452161712212112830573         1.10050724013696483473356282409375698      
           6 -0.303905752928020652134587799938535289        0.643944051724720765314876799838393075         1.38305998339445537553695180977498597      
           7   1.38113153661162055725733936255824679        -1.05682027690933943074153594826495764         1.92166489147038569657177136074750255      
           8  -1.81035098868737432014853646962727203        -1.50156053374605172058392982342674840         3.82573125175166562366396618654463587      
           9 -0.931588229469873177618518974493550447         1.85100630976065564121900677430052552         2.52779719580258158865957532993846513      
          10  0.913256692783352676636745791018514161        0.383582396596215572590909201059752622         1.13565432178717569430266029651448112      
          11   2.07739607208371517686228298212895205        0.390703681261413753876527749848036271         2.32464894280205776279810716888970318      
  Rkind          16
  Optimal norm   2.08664515264161836905965758405027456E-0024
