          17
           1 -0.852282779830300531808133360223487780       -0.473768743212387960071263027591632088         1.20832596515277424372172825614691228      
           2   1.69487476175484332651934676384113131         1.02887499389814664204974587354773426         1.58808759255832149426795638119397300      
           3  0.525581119805717032997395680474054813        -2.39561784349692103665800987494927866         2.18427317272099166216486263933017105      
           4   5.43457381958393060239634695434366473E-0002  0.164045892684483802825064976981102140        0.958196261711442124871866076059241487      
           5 -0.408266524462922226343860802184344994         1.82372711806637637022795207691129652         1.46542856686582928172558489234000173      
           6   1.01610300926280428368716914147447988         2.56220335473280141754436865370786531         4.14499472705549738565674278448322415      
           7  -1.81581777662049704682662452141059354        0.295074663539934592770111139167024406         1.42633393298954712376989026526728280      
           8  0.510859851041947191903596104619551949         1.10298218653698623325807341428222583         1.22245231952596608721833491057310979      
           9  -1.03104478281422065943047591114069109        -1.69901371479553460429373525608582080         1.40929535393816157085910509446759048      
          10  -2.08072505510609104102179438799280797       -0.946638974711703723738327431206218301         1.78481556712281185225153556723276919      
          11   2.47534035169496002586632341833050137       -0.303897372153395242378396485349580148         2.55203309033456160457712502031489851      
          12  0.265866922438851196847921308934741118       -0.833469570509412105561243014507003114         1.01164820298959395782271368775665809      
          13   1.34127619066608486223016726576598430        -1.24846902771848887461093596339665814         1.52946653363578550777388040146501891      
          14 -0.155168645731248143731137402543167954        -1.54201194237132665630708371314544670        0.752996025246768551420069942164958072      
          15  -1.88037917603720258273428853366673243         1.74471229348885723873411368727732240         2.78110229582721196818796997106983807      
          16 -0.783587733438024615752724014519557165        0.753692666834823784069761829484233196         1.14997241059576591293319171497933828      
          17   1.12302452917945962157315578069750082        -3.24259808132398778601968851271669560E-0002   1.21502467866099781671002258726986576      
  Rkind          16
  Optimal norm   8.64002729691664261717687029494120338E-0026
