39
           1   0.0000000000000000        1.8644215622871856       0.91211586224685837
           2  0.68938336708866965        1.2466141442107967       0.82452368280422961
           3  -1.0059292791635015       0.34147136726544675       0.77413829584682525
           4   1.2139340748985468       -2.1562812663915274       0.96110702517156521
           5  -2.4558764650591373E-002  0.68344164612626179       0.75410726254457516
           6   1.8425115931797575        1.6403580906789648       0.90872815603535584
           7  -1.5563749132163922       -1.5480335236294978       0.66108892421331378
           8  -1.9532767314510617       0.17200183226259316       0.71185142274410551
           9  -1.7609000171607092      -0.49258027827099077       0.66820550665085010
          10  0.46898486435675807       -1.7067638710297057       0.81514241192956061
          11  0.29983231970427016        2.9917366458697279        1.6068722127054715
          12 -0.33684577760001050       -1.7792705600789007       0.18675563773295167
          13   1.1102177073970390        2.2018732137046197        1.1167620423664211
          14   1.7730726047322696       -1.3537373655480269        1.0523430387938022
          15  -3.1800617187959297        2.7088633513110176        46.661849619229748
          16 -0.69012323882679560        1.2624010950675415       0.81180937660742425
          17   3.1383635070580120        1.9982259857176834        7.5861503795435228
          18  -1.5771983345753042        1.7841591907762278       0.94868881518103432
          19  -3.0452034478333330      -0.19222928503561071        1.8175868269292987
          20  -2.2922115777720400       -2.0572223521672455       0.17939620676681856
          21   2.8297782120352366       -2.8754997152897155        25.843315330414775
          22   2.6646475918465309      -0.72404063607453462        1.4312687974989389
          23  -1.6747464616884167       -2.8865036657820258        3.5099178777726565
          24   2.5069644710584420       0.47578486711818174        1.2912065595501800
          25 -0.34825126156490671       -2.3722629255249301        1.0523358403506762
          26 -0.30043648675066859      -0.11331862683082410       0.61614934944522137
          27  -2.5155126292189278        1.0028504677192756        1.1413041778476236
          28   1.6174445878443966      -0.23282771818182771       0.94317290473555504
          29  -1.5881982583033778       0.96651624750575116       0.62513621637211225
          30  0.36750165546303759      -0.35928620010775575       0.54490939560448448
          31 -0.98759533287621537      -0.64357500207188123       0.75002039042360091
          32  0.80150093046440207       0.26375089985554628       0.73758029528350066
          33  -2.3421026807497336       -1.2367449558026202        1.1222269198345063
          34 -0.88514505215434347        2.4766072897839444        1.2601441393037580
          35 -0.93282316025765943       -1.5955844840041522       0.68308760618205111
          36 -0.15755446494529793       -1.0548927551100677       0.75777101495389776
          37  0.91171727863093166      -0.89519778231411773       0.78230678392256725
          38  0.55320096558090037       -3.1008013694513563        1.8786172359450246
          39   1.5381238643713995       0.81601947533511254       0.82871392130781263
